date,geography,geography code,Rural Urban,Marital Status: All usual residents aged 16+; measures: Value,Marital Status: Single (never married or never registered a same-sex civil partnership); measures: Value,"value: ""Marital Status: Married; measures: Value""",Marital Status: In a registered same-sex civil partnership; measures: Value,"value: ""Marital Status: Separated (but still legally married or still legally in a same-sex civil partnership); measures: Value""","value: ""Marital Status: Divorced or formerly in a same-sex civil partnership which is now legally dissolved; measures: Value""","value: ""Marital Status: Widowed or surviving partner from a same-sex civil partnership; measures: Value"""
2011,Darlington,E06000005,Total,85357,31.73,46.82,0.16,2.82,10.74,7.73
2011,County Durham,E06000047,Total,425258,32.45,47.22,0.18,2.52,9.69,7.94
2011,Hartlepool,E06000001,Total,74228,34.4,44.74,0.16,2.39,9.96,8.36
2011,Middlesbrough,E06000002,Total,110409,39.44,41.41,0.14,2.71,8.82,7.48
2011,Northumberland,E06000057,Total,262162,27.63,52.08,0.18,2.58,9.31,8.22
2011,Redcar and Cleveland,E06000003,Total,111011,31.9,47.46,0.13,2.34,9.76,8.41
2011,Stockton-on-Tees,E06000004,Total,154503,33.19,47.54,0.16,2.64,9.32,7.16
2011,Gateshead,E08000037,Total,164716,35.36,44.4,0.32,2.66,9.36,7.9
2011,Newcastle upon Tyne,E08000021,Total,232203,46.53,36.23,0.25,2.45,8.0,6.55
2011,North Tyneside,E08000022,Total,165088,32.31,46.54,0.19,2.84,10.13,7.98
2011,South Tyneside,E08000023,Total,122200,34.24,43.8,0.13,2.83,10.27,8.73
2011,Sunderland,E08000024,Total,227314,35.28,45.11,0.14,2.43,9.16,7.88
2011,Blackburn with Darwen,E06000008,Total,113122,33.55,47.63,0.18,3.03,8.97,6.64
2011,Blackpool,E06000009,Total,116699,35.3,39.01,0.47,3.18,13.13,8.92
2011,Cheshire East,E06000049,Total,304374,28.46,52.09,0.18,2.2,9.34,7.73
2011,Cheshire West and Chester,E06000050,Total,271473,30.93,49.91,0.16,2.08,9.27,7.65
2011,Halton,E06000006,Total,100819,35.37,44.92,0.22,2.45,9.8,7.25
2011,Warrington,E06000007,Total,163477,31.45,49.66,0.15,2.36,9.42,6.97
2011,Allerdale,E07000026,Total,80155,27.97,51.98,0.17,1.91,9.21,8.76
2011,Barrow-in-Furness,E07000027,Total,56796,31.4,46.76,0.15,2.28,11.03,8.39
2011,Carlisle,E07000028,Total,89042,32.19,47.28,0.18,2.5,9.69,8.16
2011,Copeland,E07000029,Total,58613,29.71,51.03,0.18,1.94,9.17,7.97
2011,Eden,E07000030,Total,43976,26.87,54.42,0.18,1.69,8.61,8.23
2011,South Lakeland,E07000031,Total,87777,26.13,53.89,0.19,1.78,9.21,8.79
2011,Bolton,E08000001,Total,219710,33.59,46.52,0.18,2.84,9.61,7.26
2011,Bury,E08000002,Total,147935,32.92,47.38,0.17,2.92,9.47,7.15
2011,Manchester,E08000003,Total,405709,54.86,29.38,0.34,3.24,7.11,5.07
2011,Oldham,E08000004,Total,174438,33.11,46.56,0.12,3.33,9.13,7.75
2011,Rochdale,E08000005,Total,166916,35.15,44.23,0.18,3.38,9.74,7.33
2011,Salford,E08000006,Total,188780,43.35,37.05,0.33,3.13,9.09,7.05
2011,Stockport,E08000007,Total,229822,32.17,48.27,0.17,2.5,9.17,7.71
2011,Tameside,E08000008,Total,176616,35.3,43.53,0.18,2.96,10.4,7.63
2011,Trafford,E08000009,Total,180754,33.2,48.6,0.22,2.41,8.49,7.09
2011,Wigan,E08000010,Total,257825,32.85,47.39,0.19,2.54,9.86,7.18
2011,Burnley,E07000117,Total,69915,33.43,44.83,0.15,3.11,10.67,7.82
2011,Chorley,E07000118,Total,87532,30.2,50.27,0.16,2.46,9.98,6.93
2011,Fylde,E07000119,Total,63757,26.43,50.91,0.17,2.42,10.43,9.65
2011,Hyndburn,E07000120,Total,64092,32.96,45.72,0.1,3.25,10.53,7.44
2011,Lancaster,E07000121,Total,115405,37.27,43.25,0.25,2.18,9.53,7.53
2011,Pendle,E07000122,Total,71128,31.18,48.1,0.14,2.88,10.22,7.47
2011,Preston,E07000123,Total,113422,40.94,41.32,0.16,2.42,8.68,6.48
2011,Ribble Valley,E07000124,Total,46552,25.91,54.62,0.14,2.27,8.95,8.1
2011,Rossendale,E07000125,Total,54811,32.45,46.59,0.2,3.02,10.39,7.34
2011,South Ribble,E07000126,Total,89163,29.54,51.39,0.15,2.36,9.23,7.33
2011,West Lancashire,E07000127,Total,90712,31.21,50.11,0.11,2.3,8.61,7.67
2011,Wyre,E07000128,Total,90467,26.17,51.89,0.28,2.25,9.92,9.49
2011,Knowsley,E08000011,Total,117225,40.34,40.08,0.14,3.02,8.36,8.06
2011,Liverpool,E08000012,Total,388315,49.71,32.27,0.16,3.02,8.12,6.71
2011,Sefton,E08000014,Total,226435,33.12,46.04,0.16,2.37,9.33,8.98
2011,St. Helens,E08000013,Total,143372,32.82,47.19,0.16,2.59,9.25,7.99
2011,Wirral,E08000015,Total,260498,33.86,44.63,0.18,2.56,10.29,8.47
2011,East Riding of Yorkshire,E06000011,Total,278333,26.09,54.18,0.22,2.24,9.22,8.04
2011,"Kingston upon Hull, City of",E06000010,Total,208040,42.14,37.52,0.24,2.96,10.31,6.85
2011,North East Lincolnshire,E06000012,Total,129377,33.09,45.17,0.14,2.6,11.2,7.8
2011,North Lincolnshire,E06000013,Total,136105,28.94,50.28,0.16,2.48,10.49,7.65
2011,York,E06000014,Total,166275,38.62,44.0,0.26,1.98,8.49,6.66
2011,Craven,E07000163,Total,46161,25.14,54.2,0.19,2.07,9.68,8.71
2011,Hambleton,E07000164,Total,74039,24.88,56.36,0.13,2.17,8.57,7.9
2011,Harrogate,E07000165,Total,129036,27.05,53.5,0.2,2.17,9.5,7.59
2011,Richmondshire,E07000166,Total,42698,28.97,53.29,0.26,2.65,8.21,6.62
2011,Ryedale,E07000167,Total,43200,25.41,54.98,0.13,2.07,8.72,8.69
2011,Scarborough,E07000168,Total,91402,28.58,48.68,0.24,2.54,10.76,9.19
2011,Selby,E07000169,Total,68135,26.55,55.34,0.18,2.37,8.89,6.66
2011,Barnsley,E08000016,Total,188335,31.47,47.67,0.17,2.42,10.51,7.76
2011,Doncaster,E08000017,Total,244909,32.18,46.92,0.18,2.76,10.3,7.66
2011,Rotherham,E08000018,Total,208018,30.54,49.65,0.14,2.33,9.61,7.73
2011,Sheffield,E08000019,Total,452014,41.18,41.68,0.21,2.29,7.94,6.7
2011,Bradford,E08000032,Total,400121,33.0,48.31,0.15,3.23,8.58,6.74
2011,Calderdale,E08000033,Total,163645,32.13,46.72,0.3,3.0,10.51,7.33
2011,Kirklees,E08000034,Total,336309,32.43,48.45,0.24,2.75,9.28,6.84
2011,Leeds,E08000035,Total,613992,40.77,41.52,0.2,2.59,8.41,6.5
2011,Wakefield,E08000036,Total,265797,30.92,48.18,0.18,2.64,10.54,7.54
2011,Derby,E06000015,Total,198076,36.46,44.71,0.18,2.66,8.99,7.0
2011,Leicester,E06000016,Total,260560,41.5,42.37,0.18,2.73,7.13,6.1
2011,Nottingham,E06000018,Total,250104,51.32,31.63,0.24,2.78,8.29,5.74
2011,Rutland,E06000017,Total,30683,26.7,54.24,0.21,2.41,8.86,7.57
2011,Amber Valley,E07000032,Total,100841,28.84,50.71,0.27,2.35,10.02,7.8
2011,Bolsover,E07000033,Total,62192,29.88,48.95,0.28,2.66,9.94,8.28
2011,Chesterfield,E07000034,Total,85595,31.55,46.93,0.21,2.55,10.88,7.89
2011,Derbyshire Dales,E07000035,Total,59299,25.37,54.84,0.32,2.11,8.96,8.41
2011,Erewash,E07000036,Total,91948,31.24,48.39,0.13,2.54,10.15,7.54
2011,High Peak,E07000037,Total,74416,30.85,49.13,0.25,2.44,9.9,7.43
2011,North East Derbyshire,E07000038,Total,82699,26.76,53.26,0.27,2.18,9.24,8.28
2011,South Derbyshire,E07000039,Total,75910,28.66,52.68,0.21,2.48,9.42,6.55
2011,Blaby,E07000129,Total,76334,28.6,53.18,0.19,2.36,8.71,6.95
2011,Charnwood,E07000130,Total,137878,35.92,46.95,0.2,2.31,7.99,6.63
2011,Harborough,E07000131,Total,69034,25.77,56.15,0.19,2.34,8.62,6.92
2011,Hinckley and Bosworth,E07000132,Total,86475,27.78,52.88,0.17,2.7,9.29,7.17
2011,Melton,E07000133,Total,41237,27.32,53.35,0.15,2.59,9.22,7.37
2011,North West Leicestershire,E07000134,Total,75791,28.29,52.4,0.23,2.49,9.37,7.22
2011,Oadby and Wigston,E07000135,Total,46359,31.15,51.7,0.13,2.01,7.05,7.97
2011,Boston,E07000136,Total,53275,29.2,49.28,0.19,2.44,10.73,8.15
2011,East Lindsey,E07000137,Total,115418,24.28,53.58,0.17,2.24,10.29,9.45
2011,Lincoln,E07000138,Total,78190,44.0,36.39,0.2,2.35,10.68,6.38
2011,North Kesteven,E07000139,Total,88700,23.74,56.57,0.16,2.31,9.4,7.82
2011,South Holland,E07000140,Total,73354,25.42,53.3,0.17,2.49,9.75,8.87
2011,South Kesteven,E07000141,Total,109085,26.08,53.59,0.12,2.79,9.92,7.5
2011,West Lindsey,E07000142,Total,73753,25.0,54.93,0.15,2.25,9.77,7.92
2011,Corby,E07000150,Total,48637,34.87,44.22,0.17,3.85,10.25,6.64
2011,Daventry,E07000151,Total,63031,26.53,54.22,0.18,2.9,9.56,6.6
2011,East Northamptonshire,E07000152,Total,69576,27.23,53.02,0.2,3.08,9.83,6.64
2011,Kettering,E07000153,Total,74809,29.83,50.1,0.17,3.19,9.8,6.9
2011,Northampton,E07000154,Total,169056,37.16,43.65,0.17,3.47,9.49,6.07
2011,South Northamptonshire,E07000155,Total,68624,24.2,58.0,0.15,2.41,8.78,6.45
2011,Wellingborough,E07000156,Total,60348,30.46,49.19,0.17,3.2,9.98,7.01
2011,Ashfield,E07000170,Total,96698,31.11,48.26,0.21,2.84,10.14,7.43
2011,Bassetlaw,E07000171,Total,92702,28.49,50.81,0.21,2.54,10.03,7.93
2011,Broxtowe,E07000172,Total,90938,31.12,50.24,0.25,2.31,8.76,7.32
2011,Gedling,E07000173,Total,93186,30.95,49.5,0.23,2.46,9.45,7.42
2011,Mansfield,E07000174,Total,85448,31.22,47.63,0.17,2.67,10.63,7.67
2011,Newark and Sherwood,E07000175,Total,93957,27.96,51.5,0.17,2.5,10.01,7.85
2011,Rushcliffe,E07000176,Total,90551,28.72,53.61,0.18,2.05,8.31,7.13
2011,"Herefordshire, County of",E06000019,Total,151962,28.31,51.8,0.19,2.21,9.58,7.91
2011,Shropshire,E06000051,Total,252979,29.05,51.36,0.17,2.02,9.54,7.86
2011,Stoke-on-Trent,E06000021,Total,200642,36.04,43.65,0.15,2.78,9.83,7.55
2011,Telford and Wrekin,E06000020,Total,132440,32.86,47.59,0.21,2.73,10.23,6.38
2011,Cannock Chase,E07000192,Total,79027,31.24,49.4,0.15,2.44,9.57,7.2
2011,East Staffordshire,E07000193,Total,91821,30.5,50.06,0.18,2.53,9.38,7.35
2011,Lichfield,E07000194,Total,83057,27.03,54.8,0.13,2.19,8.58,7.27
2011,Newcastle-under-Lyme,E07000195,Total,102813,33.46,47.32,0.15,2.26,8.96,7.86
2011,South Staffordshire,E07000196,Total,90506,26.92,54.95,0.12,1.94,8.07,8.0
2011,Stafford,E07000197,Total,108626,29.23,51.91,0.15,2.33,9.14,7.24
2011,Staffordshire Moorlands,E07000198,Total,81106,26.63,54.06,0.11,2.08,8.78,8.34
2011,Tamworth,E07000199,Total,61467,31.72,48.97,0.14,2.69,10.09,6.4
2011,North Warwickshire,E07000218,Total,51049,29.13,51.67,0.17,2.43,9.2,7.4
2011,Nuneaton and Bedworth,E07000219,Total,101244,30.7,49.7,0.13,2.56,9.5,7.42
2011,Rugby,E07000220,Total,80689,29.96,50.87,0.17,2.78,9.25,6.96
2011,Stratford-on-Avon,E07000221,Total,100042,25.59,54.94,0.14,2.15,9.24,7.94
2011,Warwick,E07000222,Total,114051,35.91,46.57,0.21,2.12,8.58,6.62
2011,Birmingham,E08000025,Total,828363,41.63,40.96,0.2,3.21,7.5,6.49
2011,Coventry,E08000026,Total,254106,40.11,41.76,0.15,2.69,8.49,6.8
2011,Dudley,E08000027,Total,253421,31.2,50.18,0.12,2.39,8.35,7.75
2011,Sandwell,E08000028,Total,241829,35.26,45.5,0.15,3.14,8.04,7.92
2011,Solihull,E08000029,Total,167493,30.08,51.61,0.1,2.41,8.0,7.81
2011,Walsall,E08000030,Total,213123,32.9,48.16,0.13,2.7,8.26,7.85
2011,Wolverhampton,E08000031,Total,200047,37.11,43.63,0.16,2.69,8.54,7.87
2011,Bromsgrove,E07000234,Total,77107,26.85,54.41,0.13,2.15,8.56,7.9
2011,Malvern Hills,E07000235,Total,62219,26.15,53.66,0.16,2.02,9.35,8.65
2011,Redditch,E07000236,Total,67656,32.09,48.88,0.18,2.83,10.08,5.95
2011,Worcester,E07000237,Total,80291,36.57,44.57,0.14,2.35,10.1,6.26
2011,Wychavon,E07000238,Total,97039,25.16,55.41,0.17,2.07,9.37,7.83
2011,Wyre Forest,E07000239,Total,81190,29.05,49.85,0.13,2.53,10.45,7.99
2011,Bedford,E06000055,Total,125871,31.94,49.21,0.17,2.75,9.21,6.71
2011,Central Bedfordshire,E06000056,Total,204602,29.15,52.53,0.15,2.76,9.1,6.31
2011,Luton,E06000032,Total,156445,37.02,46.56,0.16,3.11,7.43,5.72
2011,Peterborough,E06000031,Total,144495,33.6,46.33,0.23,3.36,10.2,6.29
2011,Southend-on-Sea,E06000033,Total,140621,34.41,43.81,0.21,3.07,10.84,7.66
2011,Thurrock,E06000034,Total,123407,33.92,47.6,0.14,3.27,8.94,6.13
2011,Cambridge,E07000008,Total,106007,52.62,34.13,0.31,1.76,6.63,4.57
2011,East Cambridgeshire,E07000009,Total,67481,27.09,54.89,0.31,2.41,8.69,6.62
2011,Fenland,E07000010,Total,78482,28.31,50.04,0.22,2.8,10.24,8.4
2011,Huntingdonshire,E07000011,Total,137157,28.36,53.18,0.18,2.61,9.39,6.28
2011,South Cambridgeshire,E07000012,Total,119342,27.74,55.99,0.23,2.17,7.77,6.09
2011,Basildon,E07000066,Total,139198,32.1,47.94,0.12,2.87,9.7,7.27
2011,Braintree,E07000067,Total,118098,28.85,51.57,0.18,2.55,9.87,6.98
2011,Brentwood,E07000068,Total,60115,29.61,52.08,0.1,2.24,8.44,7.53
2011,Castle Point,E07000069,Total,73142,27.37,53.11,0.09,2.34,8.69,8.4
2011,Chelmsford,E07000070,Total,137003,31.11,51.45,0.16,2.17,8.82,6.29
2011,Colchester,E07000071,Total,141427,34.62,46.94,0.2,2.32,9.75,6.18
2011,Epping Forest,E07000072,Total,101708,31.28,49.92,0.16,2.39,8.55,7.71
2011,Harlow,E07000073,Total,65061,34.04,44.82,0.15,2.96,10.73,7.31
2011,Maldon,E07000074,Total,50804,25.11,55.35,0.17,2.43,9.32,7.62
2011,Rochford,E07000075,Total,68271,25.98,55.51,0.17,2.17,8.63,7.53
2011,Tendring,E07000076,Total,115495,26.18,50.16,0.17,2.49,10.51,10.48
2011,Uttlesford,E07000077,Total,63399,26.64,55.86,0.19,2.27,8.6,6.44
2011,Broxbourne,E07000095,Total,74850,32.83,48.85,0.11,2.71,8.75,6.75
2011,Dacorum,E07000096,Total,115983,31.43,49.89,0.15,2.6,9.25,6.68
2011,East Hertfordshire,E07000242,Total,110139,30.46,52.31,0.16,2.27,8.56,6.24
2011,Hertsmere,E07000098,Total,79841,31.79,50.19,0.16,2.46,8.38,7.03
2011,North Hertfordshire,E07000099,Total,102388,30.17,51.21,0.17,2.55,8.76,7.13
2011,St Albans,E07000240,Total,110590,30.3,54.1,0.16,1.99,7.4,6.04
2011,Stevenage,E07000243,Total,66866,33.87,46.29,0.15,3.02,10.14,6.52
2011,Three Rivers,E07000102,Total,69819,30.09,52.46,0.1,2.26,8.15,6.95
2011,Watford,E07000103,Total,71693,37.54,46.0,0.18,2.74,7.92,5.62
2011,Welwyn Hatfield,E07000241,Total,90369,38.69,44.5,0.18,2.42,7.79,6.42
2011,Breckland,E07000143,Total,107507,26.57,52.74,0.21,2.54,9.91,8.03
2011,Broadland,E07000144,Total,103657,24.5,55.65,0.18,2.01,9.54,8.11
2011,Great Yarmouth,E07000145,Total,79748,30.93,46.66,0.18,2.5,11.37,8.36
2011,King's Lynn and West Norfolk,E07000146,Total,122639,26.6,52.89,0.19,2.25,9.8,8.28
2011,North Norfolk,E07000147,Total,86830,24.25,53.37,0.29,2.17,10.27,9.64
2011,Norwich,E07000148,Total,110805,46.91,33.42,0.27,2.55,10.75,6.09
2011,South Norfolk,E07000149,Total,101717,25.36,55.5,0.25,2.19,9.37,7.33
2011,Babergh,E07000200,Total,71821,25.54,54.72,0.22,2.3,9.34,7.88
2011,Forest Heath,E07000201,Total,48684,30.02,50.63,0.15,2.64,10.15,6.4
2011,Ipswich,E07000202,Total,107396,37.02,43.48,0.24,2.91,9.89,6.46
2011,Mid Suffolk,E07000203,Total,78907,24.92,56.55,0.19,2.38,8.95,7.02
2011,St Edmundsbury,E07000204,Total,90683,29.35,51.32,0.2,2.54,9.45,7.14
2011,Suffolk Coastal,E07000205,Total,102401,24.6,55.21,0.19,2.34,9.31,8.35
2011,Waveney,E07000206,Total,95369,27.72,50.02,0.17,2.26,10.78,9.05
2011,Camden,E09000007,Total,184873,54.95,29.53,0.85,2.89,7.67,4.11
2011,City of London,E09000001,Total,6755,50.84,33.09,1.73,2.58,7.76,4.01
2011,Hackney,E09000012,Total,195145,57.53,26.82,0.57,4.27,7.36,3.46
2011,Hammersmith and Fulham,E09000013,Total,152863,55.89,29.6,0.49,2.89,7.45,3.68
2011,Haringey,E09000014,Total,202856,50.05,33.3,0.59,3.98,8.21,3.88
2011,Islington,E09000019,Total,173300,59.94,24.77,0.85,3.31,7.35,3.78
2011,Kensington and Chelsea,E09000020,Total,134267,48.19,35.58,0.75,2.83,8.53,4.13
2011,Lambeth,E09000022,Total,248300,58.38,26.18,0.83,3.84,7.28,3.48
2011,Lewisham,E09000023,Total,218749,49.74,32.73,0.53,4.31,8.08,4.6
2011,Newham,E09000025,Total,238090,45.16,40.48,0.27,3.8,6.18,4.11
2011,Southwark,E09000028,Total,234901,54.69,28.52,0.92,4.29,7.81,3.77
2011,Tower Hamlets,E09000030,Total,203953,55.28,31.63,0.57,3.16,5.65,3.71
2011,Wandsworth,E09000032,Total,255989,54.21,32.59,0.59,2.47,6.46,3.69
2011,Westminster,E09000033,Total,186812,51.22,32.6,0.82,3.43,7.92,4.0
2011,Barking and Dagenham,E09000002,Total,137613,38.76,41.87,0.2,4.13,8.66,6.37
2011,Barnet,E09000003,Total,282152,37.24,46.78,0.21,2.82,7.12,5.83
2011,Bexley,E09000004,Total,184431,33.84,47.78,0.14,2.93,8.12,7.2
2011,Brent,E09000005,Total,248458,42.13,43.23,0.26,3.42,6.22,4.74
2011,Bromley,E09000006,Total,248806,33.62,48.29,0.22,2.7,8.27,6.89
2011,Croydon,E09000008,Total,284268,39.69,42.92,0.28,3.46,8.16,5.49
2011,Ealing,E09000009,Total,269572,40.65,44.13,0.37,2.96,6.81,5.08
2011,Enfield,E09000010,Total,242465,38.17,44.03,0.2,3.81,8.03,5.75
2011,Greenwich,E09000011,Total,199163,43.37,38.91,0.35,3.84,8.31,5.22
2011,Harrow,E09000015,Total,190998,32.26,53.67,0.16,2.32,5.41,6.19
2011,Havering,E09000016,Total,192844,32.95,48.53,0.1,2.44,8.03,7.94
2011,Hillingdon,E09000017,Total,217043,36.4,47.25,0.21,2.72,7.45,5.97
2011,Hounslow,E09000018,Total,202424,38.52,45.64,0.33,3.02,7.41,5.07
2011,Kingston upon Thames,E09000021,Total,129790,39.39,45.96,0.28,2.14,6.92,5.31
2011,Merton,E09000024,Total,160840,40.22,44.86,0.34,2.59,6.89,5.09
2011,Redbridge,E09000026,Total,216112,34.57,50.22,0.24,2.89,6.19,5.88
2011,Richmond upon Thames,E09000027,Total,150052,36.7,47.32,0.44,2.24,7.94,5.36
2011,Sutton,E09000029,Total,152158,34.73,47.73,0.17,2.72,8.39,6.26
2011,Waltham Forest,E09000031,Total,203131,43.38,40.02,0.36,3.73,7.59,4.93
2011,Bracknell Forest,E06000036,Total,89743,32.25,49.95,0.22,2.55,9.61,5.41
2011,Brighton and Hove,E06000043,Total,229024,50.14,31.81,1.02,2.45,9.14,5.45
2011,Isle of Wight,E06000046,Total,115589,28.27,48.29,0.16,2.55,11.56,9.18
2011,Medway,E06000035,Total,210511,34.63,46.12,0.17,3.14,9.57,6.37
2011,Milton Keynes,E06000042,Total,193429,33.4,48.02,0.21,3.39,9.65,5.34
2011,Portsmouth,E06000044,Total,167256,43.54,36.9,0.26,2.91,10.27,6.12
2011,Reading,E06000038,Total,125582,43.13,41.53,0.24,2.54,7.52,5.04
2011,Slough,E06000039,Total,106645,34.84,48.49,0.13,3.49,7.76,5.29
2011,Southampton,E06000045,Total,195534,45.26,36.99,0.21,2.63,9.12,5.8
2011,West Berkshire,E06000037,Total,122731,28.64,54.07,0.16,2.3,8.85,5.98
2011,Windsor and Maidenhead,E06000040,Total,115900,30.11,52.51,0.23,2.31,8.21,6.64
2011,Wokingham,E06000041,Total,123010,27.44,57.46,0.16,1.87,7.39,5.68
2011,Aylesbury Vale,E07000004,Total,138567,29.32,52.95,0.2,2.59,8.85,6.1
2011,Chiltern,E07000005,Total,73679,24.83,58.35,0.19,1.92,7.39,7.31
2011,South Bucks,E07000006,Total,54201,27.02,55.48,0.17,1.97,7.68,7.68
2011,Wycombe,E07000007,Total,136787,31.15,52.38,0.15,2.41,7.77,6.15
2011,Eastbourne,E07000061,Total,82691,33.33,42.83,0.35,2.97,11.47,9.05
2011,Hastings,E07000062,Total,73488,36.52,39.25,0.32,3.72,12.83,7.37
2011,Lewes,E07000063,Total,80534,28.72,49.61,0.5,2.54,10.21,8.41
2011,Rother,E07000064,Total,76359,24.74,51.27,0.32,2.56,10.31,10.79
2011,Wealden,E07000065,Total,122443,24.92,55.06,0.24,2.26,9.36,8.17
2011,Basingstoke and Deane,E07000084,Total,133947,29.59,52.53,0.2,2.56,9.27,5.86
2011,East Hampshire,E07000085,Total,94019,25.46,55.95,0.12,2.19,8.93,7.35
2011,Eastleigh,E07000086,Total,101482,28.87,52.29,0.15,2.45,9.6,6.65
2011,Fareham,E07000087,Total,92153,25.49,55.23,0.21,2.34,9.14,7.59
2011,Gosport,E07000088,Total,66402,29.97,47.79,0.17,3.15,11.48,7.45
2011,Hart,E07000089,Total,72681,25.59,58.23,0.15,2.16,7.92,5.95
2011,Havant,E07000090,Total,98807,28.87,49.54,0.14,2.72,10.36,8.37
2011,New Forest,E07000091,Total,147514,24.51,54.38,0.18,2.22,9.69,9.02
2011,Rushmoor,E07000092,Total,74854,33.04,49.47,0.19,2.82,9.14,5.33
2011,Test Valley,E07000093,Total,94414,25.76,55.61,0.14,2.52,9.17,6.8
2011,Winchester,E07000094,Total,95110,30.01,52.49,0.19,2.03,8.18,7.1
2011,Ashford,E07000105,Total,93411,28.99,51.69,0.21,2.8,9.48,6.83
2011,Canterbury,E07000106,Total,125971,38.63,42.97,0.25,2.27,8.42,7.46
2011,Dartford,E07000107,Total,77342,34.58,47.11,0.18,2.91,8.77,6.45
2011,Dover,E07000108,Total,91382,29.46,48.25,0.26,2.97,10.75,8.31
2011,Gravesham,E07000109,Total,80964,32.36,48.75,0.14,2.9,8.66,7.19
2011,Maidstone,E07000110,Total,125476,29.94,51.28,0.16,2.68,9.13,6.8
2011,Sevenoaks,E07000111,Total,92481,27.33,54.48,0.19,2.25,8.4,7.34
2011,Folkestone and Hythe,E07000112,Total,88760,30.76,46.86,0.27,3.06,10.9,8.16
2011,Swale,E07000113,Total,108539,31.3,48.31,0.18,3.22,9.98,6.99
2011,Thanet,E07000114,Total,108556,31.37,44.13,0.25,3.31,11.86,9.08
2011,Tonbridge and Malling,E07000115,Total,95821,28.11,53.36,0.17,2.51,9.26,6.59
2011,Tunbridge Wells,E07000116,Total,91483,31.29,50.1,0.14,2.58,9.15,6.74
2011,Cherwell,E07000177,Total,113422,30.36,51.74,0.26,2.32,9.21,6.11
2011,Oxford,E07000178,Total,126725,53.82,32.86,0.33,1.97,6.43,4.58
2011,South Oxfordshire,E07000179,Total,108232,27.97,54.8,0.21,2.03,8.27,6.73
2011,Vale of White Horse,E07000180,Total,97867,28.26,54.69,0.23,2.07,8.04,6.72
2011,West Oxfordshire,E07000181,Total,85312,27.8,54.02,0.26,2.1,9.11,6.71
2011,Elmbridge,E07000207,Total,103005,27.49,55.1,0.24,2.24,8.23,6.69
2011,Epsom and Ewell,E07000208,Total,60371,30.99,52.92,0.16,2.09,7.26,6.58
2011,Guildford,E07000209,Total,112589,35.21,49.43,0.15,2.08,7.36,5.78
2011,Mole Valley,E07000210,Total,69580,26.67,54.98,0.16,2.2,8.4,7.59
2011,Reigate and Banstead,E07000211,Total,110725,30.76,51.53,0.18,2.24,8.35,6.94
2011,Runnymede,E07000212,Total,66653,35.49,47.04,0.17,2.3,8.37,6.63
2011,Spelthorne,E07000213,Total,78089,31.45,49.92,0.2,2.61,8.8,7.02
2011,Surrey Heath,E07000214,Total,69302,27.11,56.22,0.14,2.15,8.05,6.33
2011,Tandridge,E07000215,Total,66922,28.79,52.82,0.17,2.36,8.65,7.21
2011,Waverley,E07000216,Total,97478,26.9,55.27,0.17,2.18,8.05,7.44
2011,Woking,E07000217,Total,79185,29.93,53.63,0.19,2.37,7.76,6.13
2011,Adur,E07000223,Total,50579,29.59,47.92,0.31,2.53,10.66,8.98
2011,Arun,E07000224,Total,126164,26.8,50.0,0.26,2.58,10.45,9.9
2011,Chichester,E07000225,Total,95161,27.11,52.17,0.18,2.26,9.34,8.93
2011,Crawley,E07000226,Total,84549,34.73,46.68,0.22,2.75,9.35,6.27
2011,Horsham,E07000227,Total,106758,26.15,55.34,0.21,2.17,8.83,7.31
2011,Mid Sussex,E07000228,Total,112755,28.04,53.64,0.23,2.31,8.71,7.07
2011,Worthing,E07000229,Total,85971,31.48,45.65,0.29,2.81,11.23,8.54
2011,Bath and North East Somerset,E06000022,Total,146439,37.28,45.73,0.21,1.82,8.23,6.73
2011,Bournemouth,E06000028,Total,155224,40.82,38.6,0.39,2.61,10.55,7.03
2011,"Bristol, City of",E06000023,Total,349653,46.97,36.3,0.32,2.43,8.22,5.76
2011,Cornwall,E06000052,Total,442332,28.37,50.22,0.2,2.17,10.82,8.22
2011,Isles of Scilly,E06000053,Total,1857,27.09,53.53,0.0,1.72,9.48,8.19
2011,North Somerset,E06000024,Total,165914,26.83,52.31,0.19,2.44,10.19,8.05
2011,Plymouth,E06000026,Total,211502,37.14,42.91,0.22,2.45,10.53,6.75
2011,Poole,E06000029,Total,121986,29.96,49.15,0.29,2.34,10.26,8.0
2011,South Gloucestershire,E06000025,Total,212837,30.4,51.93,0.14,2.17,8.91,6.44
2011,Swindon,E06000030,Total,167774,32.42,48.65,0.25,2.93,9.76,5.99
2011,Torbay,E06000027,Total,109290,29.11,46.57,0.32,2.64,12.19,9.18
2011,Wiltshire,E06000054,Total,380013,27.43,53.57,0.17,2.41,9.5,6.92
2011,East Devon,E07000040,Total,112002,23.72,54.36,0.2,2.07,9.77,9.87
2011,Exeter,E07000041,Total,99066,43.71,38.19,0.24,2.05,9.42,6.39
2011,Mid Devon,E07000042,Total,63200,26.41,53.76,0.18,2.37,9.72,7.55
2011,North Devon,E07000043,Total,77378,27.76,51.52,0.16,2.21,10.05,8.31
2011,South Hams,E07000044,Total,69868,24.78,54.14,0.2,2.11,10.36,8.42
2011,Teignbridge,E07000045,Total,103738,26.14,51.75,0.26,2.14,10.94,8.78
2011,Torridge,E07000046,Total,53321,25.73,53.31,0.22,2.2,10.12,8.42
2011,West Devon,E07000047,Total,44652,25.34,54.49,0.2,2.07,9.59,8.32
2011,Christchurch,E07000048,Total,40289,24.01,53.2,0.21,2.18,9.89,10.5
2011,East Dorset,E07000049,Total,73557,21.01,59.19,0.17,1.84,8.61,9.19
2011,North Dorset,E07000050,Total,56230,26.09,54.65,0.2,2.24,9.17,7.65
2011,Purbeck,E07000051,Total,37678,25.19,54.26,0.16,2.06,9.8,8.53
2011,West Dorset,E07000052,Total,83536,24.77,53.84,0.21,2.13,9.79,9.26
2011,Weymouth and Portland,E07000053,Total,54306,29.78,47.34,0.15,2.69,12.05,7.99
2011,Cheltenham,E07000078,Total,96008,38.79,42.63,0.25,2.36,9.24,6.73
2011,Cotswold,E07000079,Total,69138,25.65,54.87,0.28,2.17,9.01,8.01
2011,Forest of Dean,E07000080,Total,67947,27.38,53.2,0.22,2.09,9.24,7.88
2011,Gloucester,E07000081,Total,97531,34.05,46.57,0.26,2.75,9.99,6.37
2011,Stroud,E07000082,Total,92251,27.52,53.0,0.31,2.27,9.57,7.32
2011,Tewkesbury,E07000083,Total,67358,26.06,54.25,0.31,2.3,9.65,7.42
2011,Mendip,E07000187,Total,88882,29.25,50.46,0.15,2.37,10.38,7.4
2011,Sedgemoor,E07000188,Total,93922,27.46,51.75,0.18,2.51,10.1,8.0
2011,South Somerset,E07000189,Total,132625,26.53,53.07,0.16,2.25,9.94,8.05
2011,Taunton Deane,E07000190,Total,90109,29.25,49.93,0.12,2.44,10.29,7.97
2011,West Somerset,E07000191,Total,29844,25.11,51.7,0.24,2.27,10.59,10.08
2011,Isle of Anglesey,W06000001,Total,57890,29.79,49.03,0.16,2.09,9.84,9.1
2011,Gwynedd,W06000002,Total,100923,36.44,43.92,0.14,1.89,8.97,8.64
2011,Conwy,W06000003,Total,96102,28.85,48.26,0.2,2.32,10.63,9.73
2011,Denbighshire,W06000004,Total,76781,30.49,48.12,0.18,2.33,10.48,8.4
2011,Flintshire,W06000005,Total,123862,30.34,50.3,0.13,2.24,9.66,7.33
2011,Wrexham,W06000006,Total,109026,32.6,47.84,0.14,2.0,9.98,7.45
2011,Powys,W06000023,Total,110083,28.23,51.11,0.2,2.1,9.59,8.76
2011,Ceredigion,W06000008,Total,64692,38.72,42.84,0.17,1.88,8.54,7.85
2011,Pembrokeshire,W06000009,Total,100362,28.44,50.4,0.13,2.15,10.13,8.76
2011,Carmarthenshire,W06000010,Total,150763,29.5,49.51,0.14,1.97,9.96,8.92
2011,Swansea,W06000011,Total,197627,36.68,43.76,0.16,2.27,9.47,7.65
2011,Neath Port Talbot,W06000012,Total,115175,31.22,47.35,0.2,2.17,10.62,8.44
2011,Bridgend,W06000013,Total,113890,30.87,48.6,0.16,2.25,10.36,7.77
2011,Vale of Glamorgan,W06000014,Total,102504,30.84,49.15,0.18,2.29,9.98,7.55
2011,Cardiff,W06000015,Total,283115,44.99,38.5,0.22,2.14,8.17,5.97
2011,Rhondda Cynon Taff,W06000016,Total,190116,33.92,45.92,0.2,2.24,9.62,8.1
2011,Merthyr Tydfil,W06000024,Total,47842,35.26,44.84,0.23,2.51,9.26,7.89
2011,Caerphilly,W06000018,Total,143825,32.32,47.95,0.16,2.06,9.88,7.63
2011,Blaenau Gwent,W06000019,Total,57321,34.21,44.3,0.2,2.22,10.59,8.47
2011,Torfaen,W06000020,Total,73833,31.14,47.66,0.25,2.24,10.4,8.31
2011,Monmouthshire,W06000021,Total,75080,26.33,54.09,0.17,2.12,9.42,7.88
2011,Newport,W06000022,Total,116348,34.45,45.53,0.35,2.62,9.64,7.41
